Material
===========
MG Pawn:    100
EG Pawn:    130
MG Knight:  300
EG Knight:  512
MG Bishop:  330
EG Bishop:  510
MG Rook:    500
EG Rook:    850
MG Queen:   975
EG Queen:   1563

Middlegame Pawn Location
==============================================
+035  +035  +035  +035  +035  +035  +035  +035
+030  +038  +038  +038  +038  +038  +038  +030
+025  +033  +041  +041  +041  +041  +033  +025
+020  +028  +036  +044  +044  +036  +028  +020
+015  +023  +031  +039  +039  +031  +023  +015
+010  +018  +026  +026  +026  +026  +018  +010
+005  +013  +013  +013  +013  +013  +013  +005
+000  +000  +000  +000  +000  +000  +000  +000

Endgame Pawn Location
==============================================
+028  +028  +028  +028  +028  +028  +028  +028
+024  +020  +020  +020  +020  +020  +020  +024
+020  +016  +012  +012  +012  +012  +016  +020
+016  +012  +008  +004  +004  +008  +012  +016
+012  +008  +004  +000  +000  +004  +008  +012
+008  +004  +000  +000  +000  +000  +004  +008
+004  +000  +000  +000  +000  +000  +000  +004
+000  +000  +000  +000  +000  +000  +000  +000

Middlegame Knight Location
==============================================
+021  +021  +021  +021  +021  +021  +021  +021
+018  +038  +038  +038  +038  +038  +038  +018
+015  +035  +055  +055  +055  +055  +035  +015
+012  +032  +052  +072  +072  +052  +032  +012
+009  +029  +049  +069  +069  +049  +029  +009
+006  +026  +046  +046  +046  +046  +026  +006
+003  +023  +023  +023  +023  +023  +023  +003
+000  +000  +000  +000  +000  +000  +000  +000

Endgame Knight Location
==============================================
-024  -002  +020  +042  +042  +020  -002  -024
-008  +008  +030  +052  +052  +030  +008  -008
+008  +024  +040  +062  +062  +040  +024  +008
+024  +040  +056  +072  +072  +056  +040  +024
+018  +034  +050  +066  +066  +050  +034  +018
-010  +006  +022  +044  +044  +022  +006  -010
-038  -022  +000  +022  +022  +000  -022  -038
-066  -044  -022  +000  +000  -022  -044  -066

Middlegame Bishop Location
==============================================
-028  -028  -028  -028  -028  -028  -028  -028
-024  -003  -003  -003  -003  -003  -003  -024
-020  +001  +022  +022  +022  +022  +001  -020
-016  +005  +026  +047  +047  +026  +005  -016
-012  +009  +030  +051  +051  +030  +009  -012
-008  +013  +034  +034  +034  +034  +013  -008
-004  +017  +017  +017  +017  +017  +017  -004
+000  +000  +000  +000  +000  +000  +000  +000

Endgame Bishop Location
==============================================
+032  +033  +034  +035  +035  +034  +033  +032
+028  +031  +032  +033  +033  +032  +031  +028
+024  +027  +030  +031  +031  +030  +027  +024
+020  +023  +026  +029  +029  +026  +023  +020
+015  +018  +021  +024  +024  +021  +018  +015
+009  +012  +015  +016  +016  +015  +012  +009
+003  +006  +007  +008  +008  +007  +006  +003
-003  -002  -001  +000  +000  -001  -002  -003

Middlegame Rook Location
==============================================
-007  +009  +025  +041  +041  +025  +009  -007
-006  +010  +026  +042  +042  +026  +010  -006
-005  +011  +027  +043  +043  +027  +011  -005
-004  +012  +028  +044  +044  +028  +012  -004
-003  +013  +029  +045  +045  +029  +013  -003
-002  +014  +030  +046  +046  +030  +014  -002
-001  +015  +031  +047  +047  +031  +015  -001
+000  +016  +032  +048  +048  +032  +016  +000

Endgame Rook Location
==============================================
+086  +083  +080  +077  +077  +080  +083  +086
+072  +075  +072  +069  +069  +072  +075  +072
+058  +061  +064  +061  +061  +064  +061  +058
+044  +047  +050  +053  +053  +050  +047  +044
+033  +036  +039  +042  +042  +039  +036  +033
+025  +028  +031  +028  +028  +031  +028  +025
+017  +020  +017  +014  +014  +017  +020  +017
+009  +006  +003  +000  +000  +003  +006  +009

Middlegame Queen Location
==============================================
-129  -128  -127  -126  -126  -127  -128  -129
-110  -107  -106  -105  -105  -106  -107  -110
-091  -088  -085  -084  -084  -085  -088  -091
-072  -069  -066  -063  -063  -066  -069  -072
-054  -051  -048  -045  -045  -048  -051  -054
-037  -034  -031  -030  -030  -031  -034  -037
-020  -017  -016  -015  -015  -016  -017  -020
-003  -002  -001  +000  +000  -001  -002  -003

Endgame Queen Location
==============================================
+148  +157  +166  +175  +175  +166  +157  +148
+132  +132  +141  +150  +150  +141  +132  +132
+116  +116  +116  +125  +125  +116  +116  +116
+100  +100  +100  +100  +100  +100  +100  +100
+075  +075  +075  +075  +075  +075  +075  +075
+041  +041  +041  +050  +050  +041  +041  +041
+007  +007  +016  +025  +025  +016  +007  +007
-027  -018  -009  +000  +000  -009  -018  -027

Middlegame King Location
==============================================
-004  -005  -006  -007  -007  -006  -005  -004
-004  -004  -005  -006  -006  -005  -004  -004
-004  -004  -004  -005  -005  -004  -004  -004
-004  -004  -004  -004  -004  -004  -004  -004
-003  -003  -003  -003  -003  -003  -003  -003
-001  -001  -001  -002  -002  -001  -001  -001
+001  +001  +000  -001  -001  +000  +001  +001
+003  +002  +001  +000  +000  +001  +002  +003

Endgame King Location
==============================================
+102  +103  +104  +105  +105  +104  +103  +102
+088  +099  +100  +101  +101  +100  +099  +088
+074  +085  +096  +097  +097  +096  +085  +074
+060  +071  +082  +093  +093  +082  +071  +060
+045  +056  +067  +078  +078  +067  +056  +045
+029  +040  +051  +052  +052  +051  +040  +029
+013  +024  +025  +026  +026  +025  +024  +013
-003  -002  -001  +000  +000  -001  -002  -003

Middlegame Passed Pawns:            +000 +001 +007 +020 +041 +070 +109 +000
Endgame Passed Pawns:               +000 +001 +008 +024 +048 +083 +129 +000
Endgame Free Passed Pawns:          +000 +004 +026 +070 +141 +244 +380 +000
Endgame King Escorted Passed Pawn:  10
Unstoppable Passed Pawn:            1303

Middlegame Knight Mobility:  +000 +000 +000 +000 +000 +000 +000 +000 +000
   Endgame Knight Mobility:  -018 -011 -007 -003 +000 +003 +006 +009 +012

Middlegame Bishop Mobility:  -021 -015 -011 -008 -005 -002 +000 +003 +005 +007 +009 +011 +014 +016
   Endgame Bishop Mobility:  -064 -046 -034 -025 -016 -008 +000 +007 +014 +020 +027 +033 +039 +045

  Middlegame Rook Mobility:  -029 -022 -017 -013 -009 -006 -003 +000 +003 +006 +009 +011 +014 +016 +019
     Endgame Rook Mobility:  -055 -041 -032 -025 -018 -012 -006 +000 +005 +010 +015 +020 +025 +029 +034

 Middlegame Queen Mobility:  -082 -068 -060 -052 -046 -040 -034 -029 -024 -019 -014 -009 -005 +000 +004 +008 +012 +016 +020 +024 +028 +032 +036 +039 +043 +046 +050 +054
    Endgame Queen Mobility:  -016 -014 -012 -011 -009 -008 -007 -006 -005 -004 -003 -002 -001 +000 +001 +002 +002 +003 +004 +005 +005 +006 +007 +008 +008 +009 +010 +011

King Safety MinorAttackOuterRingPer8:  008
King Safety MinorAttackInnerRingPer8:  031
King Safety RookAttackOuterRingPer8:   010
King Safety RookAttackInnerRingPer8:   016
King Safety QueenAttackOuterRingPer8:  014
King Safety QueenAttackInnerRingPer8:  022
King Safety SemiOpenFilePer8:          016
King Safety PawnShieldPer8:            024

Middlegame King Safety:  +000 +000 -002 -005 -010 -015 -021 -028 -037 -046 -056 -067 -079 -091 -105 -120 -135 -152 -169 -187 -206 -226 -246 -268 -290 -313 -337 -362 -387 -414 -441 -469 -497 -527 -557 -589 -621 -653 -687 -721 -756 -792 -829 -866 -904 -943 -983 -1023-1065-1107-1149-1193-1237-1282-1328-1374-1422-1470-1518-1568-1618-1669-1721-1773
