Material
===========
MG Pawn:    100
EG Pawn:    184
MG Knight:  424
EG Knight:  632
MG Bishop:  455
EG Bishop:  657
MG Rook:    558
EG Rook:    1192
MG Queen:   1311
EG Queen:   2091

Middlegame Pawn Location
==============================================
-011  -014  -017  -020  -020  -017  -014  -011
-006  -008  -011  -014  -014  -011  -008  -006
-001  -003  -005  -008  -008  -005  -003  -001
+004  +002  +000  -002  -002  +000  +002  +004
+003  +001  -001  -003  -003  -001  +001  +003
-004  -006  -008  -011  -011  -008  -006  -004
-011  -013  -016  -019  -019  -016  -013  -011
-018  -021  -024  -027  -027  -024  -021  -018

Endgame Pawn Location
==============================================
+132  +140  +148  +156  +156  +148  +140  +132
+108  +097  +105  +113  +113  +105  +097  +108
+084  +073  +062  +070  +070  +062  +073  +084
+060  +049  +038  +027  +027  +038  +049  +060
+045  +034  +023  +012  +012  +023  +034  +045
+039  +028  +017  +025  +025  +017  +028  +039
+033  +022  +030  +038  +038  +030  +022  +033
+027  +035  +043  +051  +051  +043  +035  +027

Middlegame Knight Location
==============================================
-002  +001  +004  +007  +007  +004  +001  -002
+000  +004  +007  +010  +010  +007  +004  +000
+002  +006  +010  +013  +013  +010  +006  +002
+004  +008  +012  +016  +016  +012  +008  +004
+003  +007  +011  +015  +015  +011  +007  +003
-001  +003  +007  +010  +010  +007  +003  -001
-005  -001  +002  +005  +005  +002  -001  -005
-009  -006  -003  +000  +000  -003  -006  -009

Endgame Knight Location
==============================================
+005  +032  +059  +086  +086  +059  +032  +005
+022  +038  +065  +092  +092  +065  +038  +022
+039  +055  +071  +098  +098  +071  +055  +039
+056  +072  +088  +104  +104  +088  +072  +056
+042  +058  +074  +090  +090  +074  +058  +042
-003  +013  +029  +056  +056  +029  +013  -003
-048  -032  -005  +022  +022  -005  -032  -048
-093  -066  -039  -012  -012  -039  -066  -093

Middlegame Bishop Location
==============================================
+005  -006  -017  -028  -028  -017  -006  +005
+002  +008  -003  -014  -014  -003  +008  +002
-001  +005  +011  +000  +000  +011  +005  -001
-004  +002  +008  +014  +014  +008  +002  -004
-003  +003  +009  +015  +015  +009  +003  -003
+002  +008  +014  +003  +003  +014  +008  +002
+007  +013  +002  -009  -009  +002  +013  +007
+012  +001  -010  -021  -021  -010  +001  +012

Endgame Bishop Location
==============================================
+041  +052  +063  +074  +074  +063  +052  +041
+038  +047  +058  +069  +069  +058  +047  +038
+035  +044  +053  +064  +064  +053  +044  +035
+032  +041  +050  +059  +059  +050  +041  +032
+024  +033  +042  +051  +051  +042  +033  +024
+011  +020  +029  +040  +040  +029  +020  +011
-002  +007  +018  +029  +029  +018  +007  -002
-015  -004  +007  +018  +018  +007  -004  -015

Middlegame Rook Location
==============================================
+048  +068  +088  +108  +108  +088  +068  +048
+044  +042  +062  +082  +082  +062  +042  +044
+040  +038  +036  +056  +056  +036  +038  +040
+036  +034  +032  +030  +030  +032  +034  +036
+027  +025  +023  +021  +021  +023  +025  +027
+013  +011  +009  +029  +029  +009  +011  +013
-001  -003  +017  +037  +037  +017  -003  -001
-015  +005  +025  +045  +045  +025  +005  -015

Endgame Rook Location
==============================================
+083  +079  +075  +071  +071  +075  +079  +083
+074  +070  +066  +062  +062  +066  +070  +074
+065  +061  +057  +053  +053  +057  +061  +065
+056  +052  +048  +044  +044  +048  +052  +056
+042  +038  +034  +030  +030  +034  +038  +042
+023  +019  +015  +011  +011  +015  +019  +023
+004  +000  -004  -008  -008  -004  +000  +004
-015  -019  -023  -027  -027  -023  -019  -015

Middlegame Queen Location
==============================================
-106  -109  -112  -115  -115  -112  -109  -106
-092  -097  -100  -103  -103  -100  -097  -092
-078  -083  -088  -091  -091  -088  -083  -078
-064  -069  -074  -079  -079  -074  -069  -064
-048  -053  -058  -063  -063  -058  -053  -048
-030  -035  -040  -043  -043  -040  -035  -030
-012  -017  -020  -023  -023  -020  -017  -012
+006  +003  +000  -003  -003  +000  +003  +006

Endgame Queen Location
==============================================
+199  +201  +203  +205  +205  +203  +201  +199
+174  +195  +197  +199  +199  +197  +195  +174
+149  +170  +191  +193  +193  +191  +170  +149
+124  +145  +166  +187  +187  +166  +145  +124
+093  +114  +135  +156  +156  +135  +114  +093
+056  +077  +098  +100  +100  +098  +077  +056
+019  +040  +042  +044  +044  +042  +040  +019
-018  -016  -014  -012  -012  -014  -016  -018

Middlegame King Location
==============================================
+106  +104  +102  +100  +100  +102  +104  +106
+088  +104  +102  +100  +100  +102  +104  +088
+070  +086  +102  +100  +100  +102  +086  +070
+052  +068  +084  +100  +100  +084  +068  +052
+039  +055  +071  +087  +087  +071  +055  +039
+031  +047  +063  +061  +061  +063  +047  +031
+023  +039  +037  +035  +035  +037  +039  +023
+015  +013  +011  +009  +009  +011  +013  +015

Endgame King Location
==============================================
+158  +165  +172  +179  +179  +172  +165  +158
+136  +155  +162  +169  +169  +162  +155  +136
+114  +133  +152  +159  +159  +152  +133  +114
+092  +111  +130  +149  +149  +130  +111  +092
+069  +088  +107  +126  +126  +107  +088  +069
+045  +064  +083  +090  +090  +083  +064  +045
+021  +040  +047  +054  +054  +047  +040  +021
-003  +004  +011  +018  +018  +011  +004  -003

Middlegame Passed Pawns:            +000 +001 +007 +020 +043 +077 +123 +000
Endgame Passed Pawns:               +000 +002 +013 +038 +080 +143 +227 +000
Middlegame Free Passed Pawns:       +000 +001 +009 +027 +057 +102 +162 +000
Endgame Free Passed Pawns:          +000 +004 +027 +078 +163 +289 +461 +000
Middlegame Connected Passed Pawns:  +000 +000 +000 +000 +000 +001 +002 +000
Endgame Connected Passed Pawns:     +000 +000 +004 +013 +027 +048 +077 +000
Endgame King Escorted Passed Pawn:  18
Unstoppable Passed Pawn:            1723

Middlegame Knight Mobility:  -038 -025 -016 -008 +000 +006 +013 +019 +026
   Endgame Knight Mobility:  -069 -045 -028 -013 +000 +013 +025 +036 +048

Middlegame Bishop Mobility:  -038 -029 -022 -016 -010 -005 +000 +004 +009 +013 +017 +021 +026 +030
   Endgame Bishop Mobility:  -099 -074 -056 -040 -026 -013 +000 +012 +024 +036 +047 +058 +068 +079

  Middlegame Rook Mobility:  -063 -049 -039 -030 -022 -014 -007 +000 +007 +013 +020 +026 +032 +038 +044
     Endgame Rook Mobility:  -073 -056 -045 -034 -025 -016 -008 +000 +008 +016 +023 +030 +037 +044 +051

 Middlegame Queen Mobility:  -054 -046 -041 -036 -032 -028 -024 -020 -016 -013 -009 -006 -003 +000 +004 +007 +010 +013 +016 +018 +021 +024 +027 +030 +032 +035 +038 +041
    Endgame Queen Mobility:  -073 -063 -055 -049 -043 -038 -032 -027 -022 -018 -013 -009 -004 +000 +004 +008 +012 +016 +020 +024 +028 +032 +035 +039 +043 +046 +050 +054

King Safety KnightAttackOuterRingPer8:  028
King Safety KnightAttackInnerRingPer8:  023
King Safety BishopAttackOuterRingPer8:  012
King Safety BishopAttackInnerRingPer8:  026
King Safety RookAttackOuterRingPer8:    014
King Safety RookAttackInnerRingPer8:    018
King Safety QueenAttackOuterRingPer8:   020
King Safety QueenAttackInnerRingPer8:   016
King Safety SemiOpenFilePer8:           018
King Safety PawnShieldPer8:             015

Middlegame King Safety:  +000 +000 +001 +002 +004 +007 +011 +015 +019 +025 +031 +037 +044 +052 +061 +070 +080 +091 +102 +114 +126 +140 +154 +168 +183 +199 +216 +233 +251 +270 +289 +309 +329 +351 +373 +395 +419 +442 +467 +492 +519 +545 +573 +601 +629 +659 +689 +720 +751 +783 +816 +850 +884 +919 +954 +991 +1028+1065+1103+1142+1182+1223+1264+1305
